player_name: nicolas500701
language: en_US
setlang: false
last_location:
  world: world
  x: 1659.1929296885958
  y: 65.92159999847412
  z: -254.43423948547448
  pitch: 10.839034
  yaw: -121.15726
logout_location:
  world: world
  x: 1804.5586395027572
  y: 15.0
  z: 206.90624454674446
  pitch: 27.142387
  yaw: -305.13794
homes:
  default:
    world: world
    x: 1784.699999988079
    y: 72.0
    z: -237.3000000119209
    pitch: 39.375237
    yaw: -19.330597
