player_name: nicolas500701
language: en_US
setlang: false
last_location:
  world: world
  x: 1783.699999988079
  y: 72.0
  z: -242.10661975869832
  pitch: 27.398865
  yaw: 319.22067
logout_location:
  world: world
  x: 1785.6621008103657
  y: 72.0
  z: -243.08570988270876
  pitch: 17.83248
  yaw: 358.19678
homes:
  default:
    world: world
    x: 1375.3218749644197
    y: 16.0
    z: -934.111516630311
    pitch: 22.381578
    yaw: 119.75067
