player_name: nicolas500701
language: en_US
setlang: false
last_location:
  world: world
  x: 1735.699999988079
  y: 68.0
  z: -250.58327726639155
  pitch: 14.060457
  yaw: 277.70792
logout_location:
  world: world
  x: 1785.6621008103657
  y: 72.0
  z: -243.08570988270876
  pitch: 17.83248
  yaw: 358.19678
homes:
  default:
    world: world_nether
    x: 219.53742428182906
    y: 76.0
    z: 30.702251136931057
    pitch: 6.460699
    yaw: -166.90552
