player_name: nicolas500701
language: en_US
setlang: false
last_location:
  world: world
  x: 1735.699999988079
  y: 68.0
  z: -250.58327726639155
  pitch: 14.060457
  yaw: 277.70792
logout_location:
  world: world
  x: 1791.3825421454615
  y: 72.0
  z: -238.35546400717635
  pitch: 42.466057
  yaw: 89.949646
homes:
  default:
    world: world_nether
    x: 219.53742428182906
    y: 76.0
    z: 30.702251136931057
    pitch: 6.460699
    yaw: -166.90552
