player_name: nicolas500701
language: en_US
setlang: false
last_location:
  world: world_nether
  x: 244.19071733133097
  y: 75.0
  z: 29.189622320445885
  pitch: 11.526883
  yaw: -67.02927
logout_location:
  world: world
  x: 1791.3825421454615
  y: 72.0
  z: -238.35546400717635
  pitch: 42.466057
  yaw: 89.949646
homes:
  default:
    world: world_nether
    x: 219.53742428182906
    y: 76.0
    z: 30.702251136931057
    pitch: 6.460699
    yaw: -166.90552
