player_name: nicolas500701
language: en_US
setlang: false
last_location:
  world: world
  x: 1360.699999988079
  y: 22.92159999847412
  z: -876.3000000119209
  pitch: 45.64417
  yaw: 54.41806
logout_location:
  world: world
  x: 1783.4102425494923
  y: 72.0
  z: -237.69999998807907
  pitch: 52.571896
  yaw: 3.0708008
homes:
  default:
    world: world
    x: 1360.4900231206645
    y: 23.0
    z: -876.6571722314171
    pitch: 47.194942
    yaw: 92.26047
  end:
    world: world
    x: 1360.699999988079
    y: 23.0
    z: -876.3000000119209
    pitch: 45.64417
    yaw: 54.41806
