player_name: nicolas500701
language: en_US
setlang: false
last_location:
  world: world
  x: 1784.5
  y: 72.0
  z: -237.5
  pitch: 0.0
  yaw: 125.940186
logout_location:
  world: world
  x: 1783.6724844351822
  y: 72.5625
  z: -237.30166295910007
  pitch: 32.671856
  yaw: 179.03247
homes:
  default:
    world: world
    x: 1375.3218749644197
    y: 16.0
    z: -934.111516630311
    pitch: 22.381578
    yaw: 119.75067
