player_name: nicolas500701
language: en_US
setlang: false
last_location:
  world: world
  x: 1369.9913452448338
  y: 11.0
  z: -935.7366428836788
  pitch: 27.448246
  yaw: 142.18707
logout_location:
  world: world
  x: 1785.6621008103657
  y: 72.0
  z: -243.08570988270876
  pitch: 17.83248
  yaw: 358.19678
homes:
  default:
    world: world
    x: 1375.3218749644197
    y: 16.0
    z: -934.111516630311
    pitch: 22.381578
    yaw: 119.75067
