player_name: nicolas500701
language: en_US
setlang: false
last_location:
  world: world
  x: 1794.120528874625
  y: 67.92159999847412
  z: -240.33776327065257
  pitch: 57.50965
  yaw: 141.13007
logout_location:
  world: world
  x: 1785.6621008103657
  y: 72.0
  z: -243.08570988270876
  pitch: 17.83248
  yaw: 358.19678
homes:
  default:
    world: world
    x: 1375.3218749644197
    y: 16.0
    z: -934.111516630311
    pitch: 22.381578
    yaw: 119.75067
