player_name: nicolas500701
language: en_US
setlang: false
last_location:
  world: world_nether
  x: 155.99887134293982
  y: 53.0
  z: 44.343062640152965
  pitch: 27.861782
  yaw: -276.88446
logout_location:
  world: world_nether
  x: 223.13568727787458
  y: 55.00133597911215
  z: 45.131166131704695
  pitch: 28.068445
  yaw: -271.79138
homes:
  default:
    world: world
    x: 1784.699999988079
    y: 72.0
    z: -237.3000000119209
    pitch: 39.375237
    yaw: -19.330597
