player_name: rexer
language: es_ES
setlang: false
last_location:
  world: world
  x: -3010.5
  y: 62.0
  z: 2016.5
  pitch: 0.0
  yaw: 192.26874
logout_location:
  world: world
  x: 1793.500964215614
  y: 57.0
  z: -244.5986784612987
  pitch: 45.577755
  yaw: -60.677513
homes:
  hogar:
    world: world
    x: -3012.767990846301
    y: 62.0
    z: 2020.6959413385607
    pitch: 35.07442
    yaw: -26.15197
