player_name: rexer
language: es_ES
setlang: false
last_location:
  world: world
  x: -245.35652644564158
  y: 62.92159999847412
  z: 4878.400143335504
  pitch: 30.750013
  yaw: 226.20343
logout_location:
  world: world
  x: -3012.249743056014
  y: 62.0
  z: 2019.8740166795153
  pitch: 10.306946
  yaw: -146.76309
homes:
  hogar:
    world: world
    x: -3012.767990846301
    y: 62.0
    z: 2020.6959413385607
    pitch: 35.07442
    yaw: -26.15197
