player_name: rexer
language: es_ES
setlang: false
last_location:
  world: world
  x: -1489.9986602784159
  y: 38.0
  z: -810.6693960333571
  pitch: -57.83542
  yaw: -57.64781
homes:
  default:
    world: world
    x: -1493.934920086457
    y: 51.0
    z: -843.9145761329544
    pitch: 15.2296715
    yaw: 2.9295723
logout_location:
  world: world
  x: -1490.4046727351515
  y: 38.0
  z: -810.4720440803484
  pitch: 44.311188
  yaw: 299.4049
