player_name: rexer
language: es_ES
setlang: false
last_location:
  world: world
  x: -3026.280201012269
  y: 12.0
  z: 1971.895847655001
  pitch: 45.54194
  yaw: -143.13246
logout_location:
  world: world
  x: -3011.332220518193
  y: 62.0
  z: 2012.9467253682456
  pitch: 10.990055
  yaw: -93.65854
homes:
  hogar:
    world: world
    x: -3012.767990846301
    y: 62.0
    z: 2020.6959413385607
    pitch: 35.07442
    yaw: -26.15197
