player_name: rexer
language: es_ES
setlang: false
last_location:
  world: world
  x: -2802.1910850419645
  y: 66.0
  z: 2070.292992508643
  pitch: 48.15049
  yaw: -179.52606
logout_location:
  world: world
  x: -3012.767990846301
  y: 62.0
  z: 2020.6959413385607
  pitch: 41.381668
  yaw: 49.53494
homes:
  hogar:
    world: world
    x: -3012.767990846301
    y: 62.0
    z: 2020.6959413385607
    pitch: 35.07442
    yaw: -26.15197
