player_name: rexer
language: es_ES
setlang: false
last_location:
  world: world
  x: -2007.300000011921
  y: 93.0
  z: -2166.699999988079
  pitch: 62.548508
  yaw: 43.172398
logout_location:
  world: world
  x: -2007.7942793500156
  y: 93.0
  z: -2166.699999988079
  pitch: -11.753899
  yaw: 45.787598
homes:
  hogar:
    world: world
    x: -3012.767990846301
    y: 62.0
    z: 2020.6959413385607
    pitch: 35.07442
    yaw: -26.15197
