player_name: rexer
language: es_ES
setlang: false
last_location:
  world: world
  x: -1485.398209000762
  y: 51.0
  z: -830.0116790011225
  pitch: 30.767002
  yaw: -130.60756
homes:
  default:
    world: world
    x: -1493.934920086457
    y: 51.0
    z: -843.9145761329544
    pitch: 15.2296715
    yaw: 2.9295723
logout_location:
  world: world
  x: -1485.3238064950726
  y: 51.0
  z: -830.0754619760078
  pitch: 87.07018
  yaw: -132.45099
