player_name: rexer
language: es_ES
setlang: false
last_location:
  world: world
  x: -2976.564140079165
  y: 5.0
  z: 1971.4950711335903
  pitch: 36.651836
  yaw: -18.093964
logout_location:
  world: world
  x: -3011.332220518193
  y: 62.0
  z: 2012.9467253682456
  pitch: 10.990055
  yaw: -93.65854
homes:
  hogar:
    world: world
    x: -3012.767990846301
    y: 62.0
    z: 2020.6959413385607
    pitch: 35.07442
    yaw: -26.15197
