player_name: rexer
language: es_ES
setlang: false
last_location:
  world: world
  x: -1485.9884848481402
  y: 31.0
  z: -817.2094519389432
  pitch: 16.767769
  yaw: -143.36653
homes:
  default:
    world: world
    x: -1493.934920086457
    y: 51.0
    z: -843.9145761329544
    pitch: 15.2296715
    yaw: 2.9295723
logout_location:
  world: world
  x: -649.4840261283127
  y: 88.0
  z: -1349.4204104579933
  pitch: 16.088507
  yaw: -240.83026
