player_name: rexer
language: es_ES
setlang: false
last_location:
  world: world
  x: 1792.93351030585
  y: 57.0
  z: -244.3134654333938
  pitch: 15.544083
  yaw: -115.618355
logout_location:
  world: world
  x: 1793.300000011921
  y: 57.003
  z: -244.69999998807907
  pitch: 74.46301
  yaw: 227.79195
homes:
  hogar:
    world: world
    x: -3012.767990846301
    y: 62.0
    z: 2020.6959413385607
    pitch: 35.07442
    yaw: -26.15197
