player_name: rexer
language: es_ES
setlang: false
last_location:
  world: world
  x: -1462.699999988079
  y: 3.0
  z: -907.6999999880791
  pitch: 52.157192
  yaw: 343.71167
homes:
  default:
    world: world
    x: -1493.934920086457
    y: 51.0
    z: -843.9145761329544
    pitch: 15.2296715
    yaw: 2.9295723
logout_location:
  world: world
  x: -1501.699999988079
  y: 57.0
  z: -843.6999999880791
  pitch: -32.766903
  yaw: 97.23049
