player_name: rexer
language: es_ES
setlang: false
last_location:
  world: world
  x: -3012.767990846301
  y: 61.92159999847412
  z: 2020.6959413385607
  pitch: 35.535927
  yaw: -26.305805
logout_location:
  world: world
  x: -26.250459442259906
  y: 67.0
  z: -328.1390860166469
  pitch: 28.408218
  yaw: -170.43445
homes:
  hogar:
    world: world
    x: -3012.767990846301
    y: 62.0
    z: 2020.6959413385607
    pitch: 35.07442
    yaw: -26.15197
