player_name: rexer
language: es_ES
setlang: false
last_location:
  world: world
  x: -3027.790460312254
  y: 12.0
  z: 1985.699999988079
  pitch: 37.081303
  yaw: -250.38937
logout_location:
  world: world
  x: -2997.956059616664
  y: 72.0
  z: 2013.5956706016868
  pitch: 52.46482
  yaw: 82.19037
homes:
  hogar:
    world: world
    x: -3012.767990846301
    y: 62.0
    z: 2020.6959413385607
    pitch: 35.07442
    yaw: -26.15197
