player_name: rexer
language: es_ES
setlang: false
last_location:
  world: world
  x: -2320.410377930663
  y: 77.0
  z: 2594.286532983719
  pitch: 16.299381
  yaw: -263.1714
logout_location:
  world: world
  x: -2144.961940493304
  y: 80.41999998688698
  z: 2614.806516430409
  pitch: 51.09159
  yaw: -98.57544
homes:
  hogar:
    world: world
    x: -3012.767990846301
    y: 62.0
    z: 2020.6959413385607
    pitch: 35.07442
    yaw: -26.15197
