player_name: rexer
language: es_ES
setlang: false
last_location:
  world: world
  x: 1793.300000011921
  y: 58.24918707874468
  z: -244.30000001192093
  pitch: -24.45284
  yaw: -49.07434
logout_location:
  world: world
  x: 1793.3558288247098
  y: 57.0
  z: -244.64317169435648
  pitch: 23.38941
  yaw: -31.723568
homes:
  hogar:
    world: world
    x: -3012.767990846301
    y: 62.0
    z: 2020.6959413385607
    pitch: 35.07442
    yaw: -26.15197
