player_name: rexer
language: es_ES
setlang: false
last_location:
  world: world
  x: -2915.1574820410533
  y: 70.0
  z: 1969.564893665608
  pitch: 19.082436
  yaw: -227.83453
logout_location:
  world: world
  x: -3020.149844361227
  y: 51.0
  z: 2000.8527129554423
  pitch: 34.612762
  yaw: 180.61137
homes:
  hogar:
    world: world
    x: -3012.767990846301
    y: 62.0
    z: 2020.6959413385607
    pitch: 35.07442
    yaw: -26.15197
