player_name: rexer
language: es_ES
setlang: false
last_location:
  world: world_nether
  x: -350.216537665911
  y: 70.23152379758702
  z: 190.50606801648917
  pitch: 55.07966
  yaw: 267.3718
logout_location:
  world: world
  x: -3011.332220518193
  y: 62.0
  z: 2012.9467253682456
  pitch: 10.990055
  yaw: -93.65854
homes:
  hogar:
    world: world
    x: -3012.767990846301
    y: 62.0
    z: 2020.6959413385607
    pitch: 35.07442
    yaw: -26.15197
