player_name: rexer
language: es_ES
setlang: false
last_location:
  world: world
  x: -2987.33785143767
  y: 10.0
  z: 1944.1532529767987
  pitch: 10.705719
  yaw: -345.21375
logout_location:
  world: world
  x: -3012.767990846301
  y: 62.0
  z: 2020.6959413385607
  pitch: 41.381668
  yaw: 49.53494
homes:
  hogar:
    world: world
    x: -3012.767990846301
    y: 62.0
    z: 2020.6959413385607
    pitch: 35.07442
    yaw: -26.15197
