player_name: rexer
language: es_ES
setlang: false
last_location:
  world: world
  x: -2989.3926064771645
  y: 11.0
  z: 2009.422370907726
  pitch: -11.684464
  yaw: 164.58032
logout_location:
  world: world
  x: 1793.500964215614
  y: 57.0
  z: -244.5986784612987
  pitch: 45.577755
  yaw: -60.677513
homes:
  hogar:
    world: world
    x: -3012.767990846301
    y: 62.0
    z: 2020.6959413385607
    pitch: 35.07442
    yaw: -26.15197
