player_name: rexer
language: es_ES
setlang: false
last_location:
  world: world
  x: -2811.7986797834
  y: 70.5625
  z: 2088.2348971879583
  pitch: 26.767414
  yaw: -17.392365
logout_location:
  world: world
  x: 1793.500964215614
  y: 57.0
  z: -244.5986784612987
  pitch: 45.577755
  yaw: -60.677513
homes:
  hogar:
    world: world
    x: -3012.767990846301
    y: 62.0
    z: 2020.6959413385607
    pitch: 35.07442
    yaw: -26.15197
