player_name: rexer
language: es_ES
setlang: false
last_location:
  world: world
  x: -3010.2552706124643
  y: 63.24918707874468
  z: 2012.158750017475
  pitch: 18.73983
  yaw: 166.683
homes:
  default:
    world: world
    x: -1493.934920086457
    y: 51.0
    z: -843.9145761329544
    pitch: 15.2296715
    yaw: 2.9295723
logout_location:
  world: world
  x: -1485.3238064950726
  y: 51.0
  z: -830.0754619760078
  pitch: 87.07018
  yaw: -132.45099
