player_name: Stincvx
language: en_US
setlang: false
last_location:
  world: world_nether
  x: 314.9728048978715
  y: 59.0
  z: 171.57536353353402
  pitch: 14.999999
  yaw: 61.71049
logout_location:
  world: world
  x: 1795.699999988079
  y: 68.0
  z: -244.66878417032973
  pitch: 26.584116
  yaw: 33.725952
homes:
  default:
    world: world
    x: 1784.2770465210804
    y: 72.0
    z: -241.88100031083803
    pitch: 38.699993
    yaw: -14.264404
