player_name: Stincvx
language: en_US
setlang: false
last_location:
  world: world
  x: 1357.2248202451763
  y: 12.0
  z: -857.4521166073727
  pitch: 11.250062
  yaw: 93.74963
logout_location:
  world: world
  x: 1768.780547737799
  y: 62.0
  z: -171.30000001192093
  pitch: 18.150501
  yaw: 166.48999
homes:
  default:
    world: world
    x: 1376.04887357648
    y: 12.0
    z: -857.486684062477
    pitch: 28.15672
    yaw: 22.09082
