player_name: Stincvx
language: en_US
setlang: false
last_location:
  world: world
  x: 1767.221480395147
  y: 62.0
  z: -170.49878202671175
  pitch: 3.0005012
  yaw: 83.23944
logout_location:
  world: world
  x: 1768.780547737799
  y: 62.0
  z: -171.30000001192093
  pitch: 18.150501
  yaw: 166.48999
homes:
  default:
    world: world
    x: 1784.2770465210804
    y: 72.0
    z: -241.88100031083803
    pitch: 38.699993
    yaw: -14.264404
