player_name: Stincvx
language: en_US
setlang: false
last_location:
  world: world
  x: 1788.5
  y: 72.0
  z: -237.5
  pitch: 0.0
  yaw: -348.62378
logout_location:
  world: world
  x: 1795.699999988079
  y: 68.0
  z: -244.66878417032973
  pitch: 26.584116
  yaw: 33.725952
homes:
  default:
    world: world
    x: 1784.2770465210804
    y: 72.0
    z: -241.88100031083803
    pitch: 38.699993
    yaw: -14.264404
