player_name: Stincvx
language: en_US
setlang: false
last_location:
  world: world
  x: 1355.6907506253056
  y: 21.92159999847412
  z: -882.4871818694462
  pitch: 33.03356
  yaw: 246.67273
logout_location:
  world: world
  x: 1768.780547737799
  y: 62.0
  z: -171.30000001192093
  pitch: 18.150501
  yaw: 166.48999
homes:
  default:
    world: world
    x: -9023.607671733313
    y: 67.0
    z: -6913.173444153618
    pitch: 24.227987
    yaw: 73.79196
