player_name: Stincvx
language: en_US
setlang: false
last_location:
  world: world
  x: 1681.3435577054674
  y: 41.92159999847412
  z: -205.26211331295934
  pitch: 43.650284
  yaw: -275.41772
logout_location:
  world: world
  x: 1768.780547737799
  y: 62.0
  z: -171.30000001192093
  pitch: 18.150501
  yaw: 166.48999
homes:
  default:
    world: world
    x: 1784.2770465210804
    y: 72.0
    z: -241.88100031083803
    pitch: 38.699993
    yaw: -14.264404
