player_name: AngelMatias
language: es_ES
setlang: false
last_location:
  world: world
  x: 1795.658818471866
  y: 58.748158098219776
  z: -246.69999998807907
  pitch: 12.797176
  yaw: 69.07471
logout_location:
  world: world
  x: 1796.3002097129918
  y: 57.0
  z: -247.7201234539622
  pitch: 4.692551
  yaw: 43.753418
homes:
  anos:
    world: world
    x: -7034.273792525308
    y: 67.0
    z: -5323.281536706703
    pitch: 0.5707791
    yaw: -52.74771
