player_name: AngelMatias
language: es_ES
setlang: false
last_location:
  world: world
  x: 1687.2838681452126
  y: 44.12160004615784
  z: -274.9127593455745
  pitch: 14.296131
  yaw: 2.0594482
logout_location:
  world: world
  x: -7000.985959901144
  y: 63.0
  z: -5274.698726974916
  pitch: 18.684729
  yaw: 305.52194
homes:
  anos:
    world: world
    x: -7034.273792525308
    y: 67.0
    z: -5323.281536706703
    pitch: 0.5707791
    yaw: -52.74771
