player_name: AngelMatias
language: es_ES
setlang: false
last_location:
  world: world
  x: 1795.321356185114
  y: 67.92159999847412
  z: -240.69999998807907
  pitch: 9.56506
  yaw: -256.68024
logout_location:
  world: world
  x: 1792.6426825575904
  y: 68.0
  z: -244.69620309429882
  pitch: 37.06625
  yaw: -68.99438
homes:
  anos:
    world: world
    x: -7034.273792525308
    y: 67.0
    z: -5323.281536706703
    pitch: 0.5707791
    yaw: -52.74771
