player_name: AngelMatias
language: es_ES
setlang: false
last_location:
  world: world
  x: -6973.43987927776
  y: 90.9375
  z: -5347.0000406152285
  pitch: 43.153618
  yaw: -237.9647
logout_location:
  world: world
  x: -7000.347837564659
  y: 65.0
  z: -5268.981553867441
  pitch: 54.966465
  yaw: 40.284668
homes:
  anos:
    world: world
    x: -7034.273792525308
    y: 67.0
    z: -5323.281536706703
    pitch: 0.5707791
    yaw: -52.74771
