player_name: AngelMatias
language: es_ES
setlang: false
last_location:
  world: world
  x: -7022.578751796701
  y: 63.92159999847412
  z: -5269.393674714439
  pitch: 85.6277
  yaw: 135.72914
logout_location:
  world: world
  x: -7000.347837564659
  y: 65.0
  z: -5268.981553867441
  pitch: 54.966465
  yaw: 40.284668
homes:
  anos:
    world: world
    x: -7034.273792525308
    y: 67.0
    z: -5323.281536706703
    pitch: 0.5707791
    yaw: -52.74771
