player_name: AngelMatias
language: es_ES
setlang: false
last_location:
  world: world
  x: -7024.6366648112335
  y: 62.9375
  z: -5267.605940047367
  pitch: 66.5307
  yaw: -69.39047
logout_location:
  world: world
  x: -7000.347837564659
  y: 65.0
  z: -5268.981553867441
  pitch: 54.966465
  yaw: 40.284668
homes:
  anos:
    world: world
    x: -7034.273792525308
    y: 67.0
    z: -5323.281536706703
    pitch: 0.5707791
    yaw: -52.74771
