player_name: AngelMatias
language: es_ES
setlang: false
last_location:
  world: world
  x: 1721.272966085143
  y: 37.0
  z: -277.27456581432307
  pitch: 54.771484
  yaw: 57.03363
logout_location:
  world: world
  x: -7000.985959901144
  y: 63.0
  z: -5274.698726974916
  pitch: 18.684729
  yaw: 305.52194
homes:
  anos:
    world: world
    x: -7034.273792525308
    y: 67.0
    z: -5323.281536706703
    pitch: 0.5707791
    yaw: -52.74771
