player_name: AngelMatias
language: es_ES
setlang: false
last_location:
  world: world
  x: 1733.4256679672671
  y: 52.41999998688698
  z: -204.30000001192093
  pitch: 32.66003
  yaw: 106.934265
logout_location:
  world: world
  x: 1710.300000011921
  y: 47.0
  z: -224.94886630566134
  pitch: 21.68198
  yaw: 135.73016
homes:
  anos:
    world: world
    x: -7034.273792525308
    y: 67.0
    z: -5323.281536706703
    pitch: 0.5707791
    yaw: -52.74771
