player_name: AngelMatias
language: es_ES
setlang: false
last_location:
  world: world
  x: -6993.982282393937
  y: 63.5625
  z: -5266.590276376111
  pitch: 21.611874
  yaw: -233.08765
logout_location:
  world: world
  x: -6993.903927741581
  y: 63.5625
  z: -5266.531415961491
  pitch: 21.611874
  yaw: -233.08765
homes:
  anos:
    world: world
    x: -7034.273792525308
    y: 67.0
    z: -5323.281536706703
    pitch: 0.5707791
    yaw: -52.74771
