player_name: johanprodox
language: es_MX
setlang: false
logout_location:
  world: world
  x: -1281.2140273450168
  y: 72.0
  z: -1952.4289523991238
  pitch: 30.29945
  yaw: -206.00537
last_location:
  world: world
  x: -2008.2648675338583
  y: 97.92159999847412
  z: -2164.2379539454632
  pitch: 69.299965
  yaw: -255.9043
homes:
  default:
    world: world
    x: -1280.564684214074
    y: 60.0
    z: -1948.802782141358
    pitch: 16.949654
    yaw: 121.47681
