player_name: johanprodox
language: es_MX
setlang: false
logout_location:
  world: world
  x: -784.6999999880791
  y: 67.0
  z: -1297.699999988079
  pitch: 89.399994
  yaw: 15.669136
last_location:
  world: world
  x: -1284.3508695538148
  y: 72.41999998688698
  z: -1924.260661299326
  pitch: 25.256235
  yaw: -143.62244
homes:
  default:
    world: world
    x: -1284.699999988079
    y: 68.875
    z: -1945.7853323136274
    pitch: 40.949352
    yaw: -105.02497
