player_name: johanprodox
language: es_MX
setlang: false
logout_location:
  world: world
  x: -1280.0573583297992
  y: 72.0
  z: -1952.725147471735
  pitch: 22.18417
  yaw: -94.67453
last_location:
  world: world
  x: -768.3133009152962
  y: 60.890447453259966
  z: -2077.940885386575
  pitch: 79.83469
  yaw: -342.8462
homes:
  default:
    world: world
    x: -1284.699999988079
    y: 68.875
    z: -1945.7853323136274
    pitch: 40.949352
    yaw: -105.02497
