player_name: johanprodox
language: es_MX
setlang: false
logout_location:
  world: world
  x: -1540.3251937353775
  y: 7.0
  z: -856.9896974070315
  pitch: 70.0498
  yaw: -315.7761
last_location:
  world: world
  x: -1284.699999988079
  y: 68.79659999847412
  z: -1945.7853323136274
  pitch: 40.949352
  yaw: -105.02497
homes:
  default:
    world: world
    x: -1284.699999988079
    y: 68.875
    z: -1945.7853323136274
    pitch: 40.949352
    yaw: -105.02497
