player_name: johanprodox
language: es_MX
setlang: false
logout_location:
  world: world
  x: -1284.5
  y: 69.0
  z: -1958.5
  pitch: 28.79998
  yaw: -9.899917
last_location:
  world: world
  x: -1284.5
  y: 69.0
  z: -1958.5
  pitch: 0.0
  yaw: -244.96759
homes:
  default:
    world: world
    x: -1284.699999988079
    y: 68.875
    z: -1945.7853323136274
    pitch: 40.949352
    yaw: -105.02497
