player_name: johanprodox
language: es_MX
setlang: false
logout_location:
  world: world
  x: -1281.5682777085958
  y: 72.0
  z: -1952.4016263573747
  pitch: 48.74165
  yaw: -256.8741
last_location:
  world: world
  x: -1284.699999988079
  y: 68.10652379758702
  z: -1945.7853323136274
  pitch: 40.949352
  yaw: -105.02497
homes:
  default:
    world: world
    x: -1284.699999988079
    y: 68.875
    z: -1945.7853323136274
    pitch: 40.949352
    yaw: -105.02497
