player_name: johanprodox
language: es_MX
setlang: false
logout_location:
  world: world
  x: -1130.300000011921
  y: 80.0
  z: -2039.1742213512603
  pitch: 10.405122
  yaw: -57.194305
last_location:
  world: world
  x: -1130.300000011921
  y: 81.24918707874468
  z: -2039.0058919249002
  pitch: 16.40513
  yaw: -84.04447
homes:
  default:
    world: world
    x: -1284.699999988079
    y: 68.875
    z: -1945.7853323136274
    pitch: 40.949352
    yaw: -105.02497
