player_name: johanprodox
language: es_MX
setlang: false
logout_location:
  world: world
  x: -1539.165951671213
  y: 66.0
  z: -1820.0858492551884
  pitch: 56.84962
  yaw: -62.165894
last_location:
  world: world
  x: -1283.5
  y: 68.5625
  z: -1951.5
  pitch: 0.0
  yaw: -229.12592
homes:
  default:
    world: world
    x: -1284.699999988079
    y: 68.875
    z: -1945.7853323136274
    pitch: 40.949352
    yaw: -105.02497
