player_name: johanprodox
language: es_MX
setlang: false
logout_location:
  world: world
  x: -1130.300000011921
  y: 80.0
  z: -2039.1742213512603
  pitch: 10.405122
  yaw: -57.194305
last_location:
  world: world
  x: -1280.771613367764
  y: 66.0
  z: -1948.224649107059
  pitch: 17.699663
  yaw: -257.71924
homes:
  default:
    world: world
    x: -1284.699999988079
    y: 68.875
    z: -1945.7853323136274
    pitch: 40.949352
    yaw: -105.02497
