player_name: johanprodox
language: es_MX
setlang: false
logout_location:
  world: world
  x: -1199.699999988079
  y: 63.385896249813314
  z: -1936.1478368575417
  pitch: -11.850647
  yaw: 116.375465
last_location:
  world: world
  x: -1284.699999988079
  y: 68.10652379758702
  z: -1945.7853323136274
  pitch: 40.949352
  yaw: -105.02497
homes:
  default:
    world: world
    x: -1284.699999988079
    y: 68.875
    z: -1945.7853323136274
    pitch: 40.949352
    yaw: -105.02497
