player_name: johanprodox
language: es_MX
setlang: false
logout_location:
  world: world
  x: -1130.300000011921
  y: 80.0
  z: -2039.1742213512603
  pitch: 10.405122
  yaw: -57.194305
last_location:
  world: world
  x: -1275.300000011921
  y: 67.92159999847412
  z: -1951.699999988079
  pitch: 81.44991
  yaw: 322.3274
homes:
  default:
    world: world
    x: -1280.564684214074
    y: 60.0
    z: -1948.802782141358
    pitch: 16.949654
    yaw: 121.47681
