player_name: johanprodox
language: es_MX
setlang: false
logout_location:
  world: world
  x: -1540.4456243534073
  y: 7.0
  z: -856.1620848749727
  pitch: -2.9587774
  yaw: 160.92244
last_location:
  world: world
  x: -1503.7172089059359
  y: 69.58415467742918
  z: -835.6395516168669
  pitch: 20.478388
  yaw: -118.047516
homes:
  default:
    world: world
    x: -1284.699999988079
    y: 68.875
    z: -1945.7853323136274
    pitch: 40.949352
    yaw: -105.02497
