player_name: johanprodox
language: es_MX
setlang: false
logout_location:
  world: world
  x: -1283.24558872411
  y: 69.875
  z: -1956.2712200309973
  pitch: 53.249557
  yaw: -258.7378
last_location:
  world: world
  x: -1284.3508695538148
  y: 72.41999998688698
  z: -1924.260661299326
  pitch: 25.256235
  yaw: -143.62244
homes:
  default:
    world: world
    x: -1284.699999988079
    y: 68.875
    z: -1945.7853323136274
    pitch: 40.949352
    yaw: -105.02497
