player_name: johanprodox
language: es_MX
setlang: false
logout_location:
  world: world
  x: -1280.0573583297992
  y: 72.0
  z: -1952.725147471735
  pitch: 22.18417
  yaw: -94.67453
last_location:
  world: world
  x: -1168.300000011921
  y: 18.79673560066869
  z: -1955.300000011921
  pitch: 66.89998
  yaw: 316.26733
homes:
  default:
    world: world
    x: -1284.699999988079
    y: 68.875
    z: -1945.7853323136274
    pitch: 40.949352
    yaw: -105.02497
