player_name: johanprodox
language: es_MX
setlang: false
logout_location:
  world: world
  x: -1282.1038355115631
  y: 70.0
  z: -1954.0030501792496
  pitch: 41.549232
  yaw: -5.64682
last_location:
  world: world
  x: -1279.6430556102346
  y: 71.79673560066871
  z: -1957.908786191259
  pitch: 85.19995
  yaw: -175.1612
homes:
  default:
    world: world
    x: -1284.699999988079
    y: 68.875
    z: -1945.7853323136274
    pitch: 40.949352
    yaw: -105.02497
