player_name: johanprodox
language: es_MX
setlang: false
logout_location:
  world: world
  x: -1281.2140273450168
  y: 72.0
  z: -1952.4289523991238
  pitch: 30.29945
  yaw: -206.00537
last_location:
  world: world
  x: -2012.2262801431232
  y: 55.704893317229754
  z: -2135.1946015368626
  pitch: 24.761557
  yaw: 316.10187
homes:
  default:
    world: world
    x: -1280.564684214074
    y: 60.0
    z: -1948.802782141358
    pitch: 16.949654
    yaw: 121.47681
