player_name: johanprodox
language: es_MX
setlang: false
logout_location:
  world: world
  x: -1280.0573583297992
  y: 72.0
  z: -1952.725147471735
  pitch: 22.18417
  yaw: -94.67453
last_location:
  world: world
  x: -1299.3107014993852
  y: 71.0
  z: -1963.044479249333
  pitch: 39.00002
  yaw: 250.01378
homes:
  default:
    world: world
    x: -1284.699999988079
    y: 68.875
    z: -1945.7853323136274
    pitch: 40.949352
    yaw: -105.02497
