player_name: GaccGamer
language: es_ES
setlang: false
homes:
  default:
    world: world
    x: -226.7053473423471
    y: 65.0
    z: 4898.384681693436
    pitch: 33.363655
    yaw: 250.18823
last_location:
  world: world_nether
  x: -22.456547030018058
  y: 67.0
  z: 628.8820818509519
  pitch: 19.498251
  yaw: 90.223885
logout_location:
  world: world_nether
  x: -29.69999998807907
  y: 73.0
  z: 636.3686257525386
  pitch: 35.362144
  yaw: -91.0831
