player_name: GaccGamer
language: es_ES
setlang: false
homes:
  default:
    world: world
    x: -226.7053473423471
    y: 65.0
    z: 4898.384681693436
    pitch: 33.363655
    yaw: 250.18823
last_location:
  world: world
  x: -240.69999998807907
  y: 5.0
  z: 4882.061607906045
  pitch: 7.298509
  yaw: -93.05921
logout_location:
  world: world
  x: -226.06317046399113
  y: 64.0
  z: 4900.157214302537
  pitch: 26.639448
  yaw: 130.96664
