player_name: GaccGamer
language: es_ES
setlang: false
homes:
  default:
    world: world
    x: -226.7053473423471
    y: 65.0
    z: 4898.384681693436
    pitch: 33.363655
    yaw: 250.18823
last_location:
  world: world
  x: -225.5
  y: 64.5625
  z: 4903.5
  pitch: 0.0
  yaw: 338.6933
logout_location:
  world: world
  x: -229.86499479678145
  y: 64.0
  z: 4902.3292362161665
  pitch: 26.44202
  yaw: -185.5271
