player_name: GaccGamer
language: es_ES
setlang: false
homes:
  default:
    world: world
    x: -226.7053473423471
    y: 65.0
    z: 4898.384681693436
    pitch: 33.363655
    yaw: 250.18823
last_location:
  world: world_nether
  x: 325.35658710992044
  y: 53.7967356006687
  z: 516.6403962601225
  pitch: 82.47067
  yaw: -94.56093
logout_location:
  world: world_nether
  x: 123.30000001192094
  y: 40.0
  z: 574.3000000119209
  pitch: 63.184227
  yaw: -91.51996
