player_name: GaccGamer
language: es_ES
setlang: false
homes:
  default:
    world: world
    x: -226.7053473423471
    y: 65.0
    z: 4898.384681693436
    pitch: 33.363655
    yaw: 250.18823
last_location:
  world: world
  x: 1793.9805228177443
  y: 60.0
  z: -242.88912291545992
  pitch: 60.005405
  yaw: 170.60376
logout_location:
  world: world
  x: 1794.7300218673258
  y: 60.0
  z: -242.61954138400836
  pitch: 45.99458
  yaw: 235.50912
