player_name: GaccGamer
language: es_ES
setlang: false
homes:
  default:
    world: world
    x: -226.7053473423471
    y: 65.0
    z: 4898.384681693436
    pitch: 33.363655
    yaw: 250.18823
last_location:
  world: world
  x: -234.3232421875
  y: 63.0
  z: 4860.492163189413
  pitch: 37.034077
  yaw: 261.48474
logout_location:
  world: world
  x: -230.82242293803816
  y: 64.0
  z: 4898.544639926817
  pitch: 65.05784
  yaw: 90.31653
