player_name: GaccGamer
language: es_ES
setlang: false
homes:
  default:
    world: world
    x: -226.7053473423471
    y: 65.0
    z: 4898.384681693436
    pitch: 33.363655
    yaw: 250.18823
last_location:
  world: world_nether
  x: -22.456547030018058
  y: 67.0
  z: 628.8820818509519
  pitch: 19.498251
  yaw: 90.223885
logout_location:
  world: world
  x: -239.92973962242885
  y: 18.0
  z: 4880.804710171161
  pitch: 56.259773
  yaw: -5.356201
