player_name: GaccGamer
language: es_ES
setlang: false
homes:
  default:
    world: world
    x: -233.4760996819769
    y: 63.9375
    z: 4884.126446415618
    pitch: 16.948843
    yaw: -29.41328
last_location:
  world: world
  x: -231.06621144939334
  y: 69.0
  z: 4900.671337065289
  pitch: 38.583797
  yaw: -222.10822
logout_location:
  world: world
  x: -8186.400977410787
  y: 64.5625
  z: -6378.373050017116
  pitch: 39.06654
  yaw: 185.30551
