player_name: GaccGamer
language: es_ES
setlang: false
homes:
  default:
    world: world
    x: -226.7053473423471
    y: 65.0
    z: 4898.384681693436
    pitch: 33.363655
    yaw: 250.18823
last_location:
  world: world
  x: -222.6061348993781
  y: 70.79673560066871
  z: 4889.540781264313
  pitch: 87.43779
  yaw: -36.198364
logout_location:
  world: world_nether
  x: 123.30000001192094
  y: 40.0
  z: 574.3000000119209
  pitch: 63.184227
  yaw: -91.51996
