player_name: GaccGamer
language: es_ES
setlang: false
homes:
  default:
    world: world
    x: -226.7053473423471
    y: 65.0
    z: 4898.384681693436
    pitch: 33.363655
    yaw: 250.18823
last_location:
  world: world
  x: 1794.6686048501342
  y: 67.92862797134458
  z: -239.55964025340435
  pitch: 30.667532
  yaw: -307.0522
logout_location:
  world: world
  x: -226.06317046399113
  y: 64.0
  z: 4900.157214302537
  pitch: 26.639448
  yaw: 130.96664
