player_name: GaccGamer
language: es_ES
setlang: false
homes:
  default:
    world: world
    x: -233.4760996819769
    y: 63.9375
    z: 4884.126446415618
    pitch: 16.948843
    yaw: -29.41328
last_location:
  world: world
  x: 1356.4559874364002
  y: 21.92159999847412
  z: -882.1531623197051
  pitch: 22.58918
  yaw: 193.51208
logout_location:
  world: world
  x: -8186.400977410787
  y: 64.5625
  z: -6378.373050017116
  pitch: 39.06654
  yaw: 185.30551
