player_name: alejandro123532
language: es_ES
setlang: false
last_location:
  world: world
  x: 1712.5190589708948
  y: 64.92159999847412
  z: -257.1966899866229
  pitch: 13.909343
  yaw: 50.627502
logout_location:
  world: world
  x: -226.4906068269724
  y: 64.0
  z: 4900.739112590644
  pitch: 7.215058
  yaw: 292.1256
homes:
  a:
    world: world
    x: -224.89695814134794
    y: 64.0
    z: 4895.237500011921
    pitch: 12.237978
    yaw: 357.97375
  b:
    world: world
    x: 1733.7460315226965
    y: 69.0
    z: -260.00613486247704
    pitch: 19.42824
    yaw: -308.84766
