player_name: alejandro123532
language: es_ES
setlang: false
last_location:
  world: world_nether
  x: 204.08961470142728
  y: 53.0
  z: 211.63619914869577
  pitch: -3.5901494
  yaw: -167.75427
logout_location:
  world: world
  x: 1767.0053377403667
  y: 70.248125
  z: -245.98341377221462
  pitch: 14.872382
  yaw: -39.170815
homes:
  a:
    world: world
    x: -224.89695814134794
    y: 64.0
    z: 4895.237500011921
    pitch: 12.237978
    yaw: 357.97375
  b:
    world: world
    x: 1733.7460315226965
    y: 69.0
    z: -260.00613486247704
    pitch: 19.42824
    yaw: -308.84766
