player_name: alejandro123532
language: es_ES
setlang: false
last_location:
  world: world
  x: -8185.5
  y: 64.0
  z: -6389.5
  pitch: 0.0
  yaw: 186.17859
logout_location:
  world: world
  x: -7979.786047809388
  y: 72.0
  z: -5818.569817491232
  pitch: 13.49776
  yaw: -0.34730023
homes:
  a:
    world: world
    x: -224.89695814134794
    y: 64.0
    z: 4895.237500011921
    pitch: 12.237978
    yaw: 357.97375
  b:
    world: world
    x: 1733.7460315226965
    y: 69.0
    z: -260.00613486247704
    pitch: 19.42824
    yaw: -308.84766
